3257416
3258242
3258677
3258855
3259297
354895
219533
220689
225639
3320158
3320357
3320611
3320984
2706278
2713461
2724510
2753091
2763712
2771852
2782166
2825836
2834322
2838312
2843214
2849273
2874765
2882811
2891512
2904603
2936908
2946774
2963011
2975809
2976265
2986675
2991819
2995014
924234
297976
327292
341065
357754
379604
386083
617036
617373
617605
618181
618783
619098
1519595
1521845
1524221
1723764
2308425
2312549
2320526
2335115
2343928
3352948
3353912
3354443
3354992
3355700
3581366
3585192
3587161
3589831
3590210
3591200
3591298
3592023
3592540
3592544
3592548
3592935
1119961
1130645
1252603
1315577
1322908
1323552
1323858
1328824
1334994
1346622
1403817
1461869
1476406
1478690
1681415
1681711
1699488
1727522
1733941
1741384
1762617
1766379
1810354
1822397
1823672
2264139
2268451
2268758
2268763
2268775
2268792
2268812
2268872
2269079
2270424
2271594
2271613
2302743
2302764
2302769
2539955
2827241
2830665
2835115
2838588
2866770
2982272
3461976
3462211
1417649
1422236
1428166
234706
247158
2185060
2185685
2185694
2189882
2189893
2190009
2190243
2195125
2196629
2201025
2202992
2204505
2205113
2206007
2207853
2208326
2221781
2230232
2242253
2243133
2343401
2344984
2386193
2389385
2398124
2398822
2463002
2464755
2471379
3521007
3521335
3522625
3525093
3536081
3540639
3542435
3549153
3550629
3552000
3563805
3563875
3565662
3566296
3571162
3572418
3642622
3643917
3644384
3645950
3646453
3646689
3653590
3658054
3660792
3660926
3661670
3662721
3663515
3663603
3666993
3768748
3768795
3768813
3803505
3810224
3845504
3845817
3846934
3846991
3854675
3856951
3857357
4052139
4071495
273637
285640
285948
297977
298056
298066
298385
298412
298426
310608
310905
311083
659560
660281
660864
661642
661960
662041
664770
665014
665095
668442
669338
680481
680496
680507
680668
681076
681391
681523
681884
683207
684166
684555
685214
1193225
1194105
1194189
1194666
1194829
1195224
1195397
1195647
1197109
1199191
1200831
1201242
1201259
1201287
1204855
1204888
1394415
1407662
1413993
1492631
1541838
1578041
1578148
1578517
1590733
1593100
1593190
1593471
1593496
1593778
2466832
226465
239231
18
25
30
35
40
