% GETFEM MESH FILE 
% GETFEM VERSION 5.4.2



BEGIN POINTS LIST

  POINT COUNT 400
  POINT  0  0  0.0001250000059371814  0.0001250000059371814
  POINT  1  3.008248228297816e-08  0.0001250035275006667  0.0001249859924428165
  POINT  2  1.80494893697869e-07  0.0001250211498700082  0.0001249159249709919
  POINT  3  4.324734163674293e-06  0.0001372235710732639  0.0001896428730105981
  POINT  4  1.082969333765504e-06  0.0001251268840860575  0.0001244955346919596
  POINT  5  1.225227879331214e-05  6.767054583178833e-05  0.0001124107366194949
  POINT  6  4.031938715343131e-06  0.0001807277876650915  0.0002002005639951676
  POINT  7  1.373460236209212e-05  9.531318210065365e-05  0.0001534263283247128
  POINT  8  5.595341917796759e-06  0.0001256555406143889  0.0001223936124006286
  POINT  9  1.587741462572012e-05  8.801912372291554e-06  0.0001346213830402121
  POINT  10  1.909175625769421e-05  4.905969035462476e-05  9.667039557825774e-05
  POINT  11  2.932052848336753e-05  0.0001637377572478727  0.0001791094546206295
  POINT  12  2.870803473342676e-05  4.663099389290437e-05  0.0001714607496978715
  POINT  13  2.174263863707893e-05  0.000103236481663771  0.0002041498810285702
  POINT  14  6.497816229966702e-06  0.0001257612748304382  0.000121973229397554
  POINT  15  1.582258119015023e-05  0.0001919386122608557  0.0001289079227717593
  POINT  16  7.601993729622336e-06  9.734683771966957e-06  0.0001810735702747479
  POINT  17  2.277017483720556e-05  3.546190055203624e-05  8.432026515947655e-05
  POINT  18  5.023292396799661e-05  1.038534719555173e-05  0.0001072065788321197
  POINT  19  2.778316957119387e-05  0.0001539885997772217  0.0001791848189895973
  POINT  20  3.359097172506154e-05  0.0001908187259687111  0.0001789001107681543
  POINT  21  1.697990774118807e-05  3.006792576343287e-05  0.0001946387783391401
  POINT  22  2.995552677020896e-05  4.552916652755812e-05  0.0001723869208944961
  POINT  23  2.281832530570682e-05  9.519318700768054e-05  0.00018470456416253
  POINT  24  1.191266255773371e-05  0.0001263956801267341  0.0001194509241031483
  POINT  25  4.324226392782293e-05  0.0001376534637529403  0.0001455891760997474
  POINT  26  2.348379894101527e-05  0.0002356360200792551  0.0001566794235259295
  POINT  27  1.838860407588072e-05  0.0002145242760889232  0.0001076507178368047
  POINT  28  5.0875028136943e-06  5.337536640581675e-05  0.0001763844629749656
  POINT  29  5.339217750588432e-05  4.760043339047115e-06  6.135132571216673e-05
  POINT  30  1.650180092838127e-05  2.320883140782826e-05  6.333752389764413e-05
  POINT  31  8.187037747120485e-05  6.811164439568529e-06  0.0001451413263566792
  POINT  32  2.098703589581419e-05  0.0001366899523418397  0.0001632001512916759
  POINT  33  3.042822936549783e-05  0.0001615143410163  0.0002016633079620078
  POINT  34  3.572619243641384e-05  0.0002043592248810455  0.0001787954388419166
  POINT  35  5.632299871649593e-05  0.0002063524880213663  0.0001424039801349863
  POINT  36  4.567596533888718e-06  1.975269151444081e-05  0.0002486902812961489
  POINT  37  5.593875812337501e-06  1.038094160321634e-05  0.0002023800479946658
  POINT  38  3.61929924110882e-05  4.002002970082685e-05  0.0001770177623257041
  POINT  39  4.609922325471416e-05  1.805634929041844e-05  0.0001424796500941738
  POINT  40  8.497733688273001e-06  7.992234168341383e-05  0.0001462844520574436
  POINT  41  9.39733308769064e-06  0.0001254803501069546  9.065871563507244e-05
  POINT  42  3.898689828929491e-05  0.0001295676629524678  0.0001068393758032471
  POINT  43  4.630429975804873e-05  0.0001386444782838225  0.0001475571771152318
  POINT  44  1.632167368370574e-05  0.0001950622536242008  0.0002264723880216479
  POINT  45  1.105534192902269e-05  0.000231848462135531  0.0001652534265303984
  POINT  46  6.903852863615612e-06  0.0002178295253543183  0.0001034257293213159
  POINT  47  1.53985765791731e-05  6.0306403611321e-05  0.0001668741315370426
  POINT  48  4.730320142698474e-06  4.657168392441235e-05  0.0002040079125436023
  POINT  49  7.438668399117887e-05  9.901052180794068e-06  0.000109694832644891
  POINT  50  6.861849215056282e-06  1.177258218376664e-05  5.788869020761922e-05
  POINT  51  1.697657899057958e-05  9.322126061306335e-06  1.128694930230267e-05
  POINT  52  6.261053204070777e-05  2.433118788758293e-05  0.0001233548246091232
  POINT  53  1.758896723913494e-05  0.0001280406286241487  0.0001552078319946304
  POINT  54  2.475805013091303e-05  0.0001848013343987986  0.0001389433309668675
  POINT  55  7.290232133527752e-06  0.000179535651113838  0.0002445456048008054
  POINT  56  5.48818388779182e-05  0.0001793061674106866  0.0002264231443405151
  POINT  57  3.700732486322522e-05  0.000212483515497297  0.000178732632775791
  POINT  58  8.198414434446022e-05  0.0001468261179979891  0.0001309762010350823
  POINT  59  2.035002069078473e-07  1.983953734452371e-05  0.0002477708330843598
  POINT  60  6.457956715166802e-06  4.973222894477658e-05  0.0002235616120742634
  POINT  61  0.0001027204925776459  2.326981666556094e-05  0.0001475221943110228
  POINT  62  5.116291140438989e-05  2.679810495465063e-05  0.0001881317875813693
  POINT  63  4.085767432115972e-05  2.478021269780584e-05  0.0001507982378825545
  POINT  64  3.568560941857868e-06  9.3933726020623e-05  0.0001315775298280641
  POINT  65  1.342690666206181e-05  6.591095734620467e-05  0.0001609913597349077
  POINT  66  7.262140115926741e-06  0.0001569991582073271  5.322494325810112e-05
  POINT  67  5.990867521177279e-06  8.04097144282423e-05  2.316380778211169e-05
  POINT  68  6.471615779446438e-05  0.0001609760365681723  9.463860624236986e-05
  POINT  69  6.258828943828121e-05  0.0001053443193086423  8.646317292004824e-05
  POINT  70  8.992030052468181e-05  9.506234346190467e-05  0.000139807045343332
  POINT  71  5.395939297159202e-05  0.0001411220146110281  0.0001524771651020274
  POINT  72  3.506096163619077e-06  0.0001951398444361985  0.0002478528767824173
  POINT  73  2.208474325016141e-05  0.0002236502623418346  0.0002348432462895289
  POINT  74  2.32041365961777e-05  0.0001626829471206293  0.0001016080568660982
  POINT  75  1.408412936143577e-05  6.404277519322932e-05  0.0001629522885195911
  POINT  76  3.530587127897888e-05  3.974471837864257e-05  0.0001980122760869563
  POINT  77  2.996813600475434e-05  3.608482074923813e-05  7.724767056060955e-05
  POINT  78  5.580345532507636e-05  5.306568709784187e-05  2.213108382420614e-05
  POINT  79  3.157453102176078e-05  5.628135113511235e-05  0.0001152283221017569
  POINT  80  1.586003054399043e-05  0.0001240263809449971  0.0001496913901064545
  POINT  81  4.411780537338927e-05  0.0001204829604830593  0.000192247491213493
  POINT  82  5.775869794888422e-05  6.065182606107555e-05  8.781708311289549e-05
  POINT  83  6.414646486518905e-05  0.0001735959522193298  0.000248694937909022
  POINT  84  7.007081876508892e-05  0.0002028081944445148  0.0002289111725986004
  POINT  85  5.104213050799444e-05  0.0002452887711115181  0.0001514303730800748
  POINT  86  4.186242222203873e-05  0.0002197480935137719  0.0001886557583929971
  POINT  87  0.0001180307735921815  8.53263190947473e-06  0.00016070379933808
  POINT  88  6.195883906912059e-05  1.212533516081749e-05  0.0002393950853729621
  POINT  89  7.944725803099573e-05  4.385158717923332e-06  0.0001875066809589043
  POINT  90  1.202557882606925e-06  0.0001006591846817173  0.0001245182065758854
  POINT  91  5.450944445328787e-05  7.180774991866201e-05  0.0001898167683975771
  POINT  92  2.742478955042316e-06  0.0001668896584305912  4.298479325370863e-05
  POINT  93  1.655073720030487e-05  0.0001903653173940256  9.077845788851846e-06
  POINT  94  2.182315802201629e-05  0.0001269726053578779  3.279401425970718e-05
  POINT  95  8.586882904637605e-05  0.0001681881840340793  9.222806693287566e-05
  POINT  96  8.063603308983147e-05  0.0002065725566353649  3.568284228094853e-05
  POINT  97  6.652185402344912e-05  0.0001013071014313027  8.306714153150097e-05
  POINT  98  5.725526352762245e-05  0.0001080345828086138  5.577085903496481e-05
  POINT  99  5.329436680767685e-05  0.0001096583291655406  0.0001700817228993401
  POINT  100  6.161448982311413e-05  0.0001435995509382337  0.000157397153088823
  POINT  101  3.219667996745557e-05  0.0002381731610512361  0.0002055826917057857
  POINT  102  3.727929652086459e-05  0.0001204348300234415  0.000110064480395522
  POINT  103  1.357922337774653e-05  0.0001791341055650264  7.260347047122195e-05
  POINT  104  4.225962402415462e-05  2.335815224796534e-05  0.0002082707942463458
  POINT  105  5.425919152912684e-05  4.778105721925385e-05  0.0002295130107086152
  POINT  106  6.473721441579983e-05  7.772506796754897e-05  3.301969627500512e-05
  POINT  107  7.215347523015225e-06  0.0001039551279973239  0.0001221092534251511
  POINT  108  4.951188020640984e-05  0.0001222531864186749  0.0002128200430888683
  POINT  109  5.801022416562773e-05  0.0001215874726767652  0.0001975387276615947
  POINT  110  7.632274355273694e-05  0.0001523738028481603  0.0002255503641208634
  POINT  111  0.0001645904267206788  0.0001477121259085834  0.0002394352341070771
  POINT  112  0.0001015361704048701  0.0002197350113419816  6.965254578972235e-05
  POINT  113  7.094853935996071e-05  0.0002303813671460375  0.0002114213712047786
  POINT  114  0.0001464536326238886  5.828364737681113e-05  0.0001517497876193374
  POINT  115  3.665647091111168e-05  9.374105502502061e-06  0.0002348832495044917
  POINT  116  7.472383003914729e-05  3.939464363611478e-07  0.0002230549871455878
  POINT  117  0  9.999999747378752e-05  0.0001250000059371814
  POINT  118  6.907281931489706e-05  8.016132051125169e-05  0.0002224006893811747
  POINT  119  8.102860738290474e-05  6.935096462257206e-05  0.0001860582706285641
  POINT  120  3.922920586774126e-05  0.0002223774790763855  2.234479507023934e-05
  POINT  121  3.226863555028103e-05  0.0001176882142317481  0.000112071938929148
  POINT  122  0.0001149306408478878  0.0001427375682396814  0.000113136091385968
  POINT  123  9.644516103435308e-05  0.0001717942650429904  9.102279727812856e-05
  POINT  124  6.768039747839794e-05  0.0001785264903446659  0.0001094897670554928
  POINT  125  8.618968422524631e-05  8.112098294077441e-05  6.608697003684938e-05
  POINT  126  6.807851605117321e-05  0.0001290994114242494  1.123827496485319e-05
  POINT  127  4.384409839985892e-05  0.0001015375528368168  3.19986829708796e-05
  POINT  128  8.100964623736218e-05  0.0001358404115308076  0.0001627587771508843
  POINT  129  6.91421955707483e-05  0.0001514917821623385  0.0001612472406122833
  POINT  130  4.329208604758605e-05  0.000123730773339048  0.00010765551996883
  POINT  131  0.0001072083978215232  4.038691258756444e-05  0.0002282957138959318
  POINT  132  7.638983515789732e-05  9.892825619317591e-05  6.147813837742433e-05
  POINT  133  6.201836367836222e-05  8.118127152556553e-05  1.544987026136369e-05
  POINT  134  8.647093636682257e-05  0.000124468861031346  0.0002460250398144126
  POINT  135  4.447573883226141e-05  0.00011425006960053  0.0002372272429056466
  POINT  136  8.099326078081504e-05  0.0001000569536699913  0.0002046092267846689
  POINT  137  9.059684816747904e-05  0.0001475360622862354  0.000211633145227097
  POINT  138  0.0001572054607095197  0.000120171440357808  0.0002153441455448046
  POINT  139  0.0001023942968458869  0.0002080872363876551  7.131836900953203e-05
  POINT  140  0.0001105935516534373  0.0002436692157061771  0.0002314991725143045
  POINT  141  0.0001478689082432538  7.418098539346829e-05  0.0001371430698782206
  POINT  142  0.0001502401864854619  4.606902439263649e-05  0.0001796087744878605
  POINT  143  8.387534035136923e-05  7.821944745955989e-05  0.0002351809089304879
  POINT  144  0.000117016134026926  5.517700265045278e-05  0.0001618427777430043
  POINT  145  6.852514343336225e-05  0.0001958955108420923  5.115184467285872e-05
  POINT  146  9.942517499439418e-05  0.0001957653585122898  0.0001596671645529568
  POINT  147  0.0001173307755379938  0.0001548160362290218  1.93113592104055e-05
  POINT  148  0.0001017333343042992  0.000173597305547446  9.042016608873382e-05
  POINT  149  6.162200588732958e-05  0.000144465229823254  9.248875721823424e-05
  POINT  150  0.0001476317702326924  8.062749839155003e-05  4.780681410920806e-05
  POINT  151  8.670107490615919e-05  7.861222547944635e-05  6.524884520331398e-05
  POINT  152  9.85417646006681e-05  0.0001255721581401303  2.541105823183898e-05
  POINT  153  5.685749420081265e-05  0.0001513220922788605  3.48647081409581e-05
  POINT  154  9.008109191199765e-05  0.0001107079151552171  0.0001913872110890225
  POINT  155  0.0001025598176056519  0.0001272191439056769  0.0001687161420704797
  POINT  156  0.0001067807243089192  0.0001909529528347775  0.0001804977073334157
  POINT  157  5.29721328348387e-05  0.0001213859795825556  0.0001103830800275318
  POINT  158  9.069779480341822e-05  8.481559052597731e-05  0.0002087451284751296
  POINT  159  8.659097511554137e-05  9.440018038731068e-05  5.284786675474606e-05
  POINT  160  6.02982472628355e-05  5.969632547930814e-05  1.657176198932575e-06
  POINT  161  0.0001172596239484847  0.0001079609137377702  0.0002309243864146993
  POINT  162  4.80986236652825e-05  0.0001050139253493398  0.0002467506565153599
  POINT  163  0.0001639159891055897  6.551667320309207e-05  0.0001406287192367017
  POINT  164  0.0001190349212265573  0.0001565194688737392  0.0001939706853590906
  POINT  165  0.0001402029593009502  0.0001202399362227879  0.0001963159156730399
  POINT  166  0.0001606059668119997  0.0001201577397296205  0.0002191497915191576
  POINT  167  0.0001062905867001973  0.0002421238023089245  3.811226270045154e-05
  POINT  168  0.000125075297546573  0.0002077620156342164  0.000205180374905467
  POINT  169  0.0001269277126993984  0.0001034717861330137  0.0001312216481892392
  POINT  170  0.0001624302240088582  5.888061787118204e-05  0.0001295514521189034
  POINT  171  0.0001383321214234456  3.808139808825217e-05  0.000206239172257483
  POINT  172  0.0001692153309704736  4.444531441549771e-05  0.0002012226323131472
  POINT  173  0.0001215596639667638  8.059308311203495e-05  0.0001569284941069782
  POINT  174  7.628593448316678e-05  0.0001610527979210019  8.03553411969915e-05
  POINT  175  0.0001038346163113602  0.0002474596840329468  2.115545066772029e-05
  POINT  176  0.0001044253440340981  0.0001858414907474071  0.00014076592924539
  POINT  177  0.0001154074998339638  0.0001491322327638045  3.344114520587027e-05
  POINT  178  0.0001061401344486512  0.0001750998344505206  8.991796494228765e-05
  POINT  179  6.528798985527828e-05  0.0001486121182097122  8.945540321292356e-05
  POINT  180  0.0001650770136620849  7.914468733360991e-05  6.367955938912928e-05
  POINT  181  0.0001582378026796505  7.517734775319695e-05  3.673141327453777e-05
  POINT  182  8.721247286302969e-05  7.610346074216068e-05  6.441072036977857e-05
  POINT  183  9.189538104692474e-05  0.000105681421700865  0.000197112894966267
  POINT  184  0.0001133349069277756  0.0001229085173690692  0.0001716948172543198
  POINT  185  0.0001206018641823903  0.0001991841272683814  0.0001743380853440613
  POINT  186  5.490814510267228e-05  0.0001209170222864486  0.0001109285949496552
  POINT  187  9.679212234914303e-05  8.987209730548784e-05  4.421759877004661e-05
  POINT  188  0.0001328751532128081  7.244723383337259e-05  0.0001476516627008095
  POINT  189  0.0001197999590658583  0.0001203221327159554  0.0001734820252750069
  POINT  190  0.0001480369828641415  9.457836858928204e-05  0.0002010627504205331
  POINT  191  0.0001795456046238542  0.0001165895009762608  0.0002227393706561998
  POINT  192  0.0001559165102662519  0.0001027108519338071  0.0002410535962553695
  POINT  193  8.914097998058423e-05  0.0002473905333317816  0.0001018968250718899
  POINT  194  0.0001677123946137726  0.0002184501790907234  0.0002182896569138393
  POINT  195  0.0001153116463683546  0.0001062855299096555  0.000127948573208414
  POINT  196  0.0001469297567382455  0.0001076433982234448  0.0001380559551762417
  POINT  197  0.0001727223279885948  5.043895725975744e-05  0.0001114888727897778
  POINT  198  0.0001942464296007529  3.498514706734568e-05  0.0001479511993238702
  POINT  199  0.0001380689645884559  2.744344601524062e-05  0.0002158733987016603
  POINT  200  0.0001153054108726792  5.402000897447579e-05  0.0002305973466718569
  POINT  201  0.0001691337092779577  4.953084498993121e-05  0.0002493381616659462
  POINT  202  0.000188000121852383  2.66861552518094e-05  0.0002056571538560092
  POINT  203  0.0001188209280371666  0.0001040508504956961  0.0001578572700964287
  POINT  204  8.825529948808253e-05  0.0001614495413377881  7.664778968319297e-05
  POINT  205  0.0001257569238077849  0.000236059509916231  6.515258064609952e-06
  POINT  206  9.167791722575203e-05  0.0001617449161130935  0.0001271730870939791
  POINT  207  0.0001249798224307597  0.0002143116726074368  0.0001523629180155694
  POINT  208  0.0001131914832512848  0.0001622760901227593  6.892372766742483e-05
  POINT  209  0.0001281741715501994  0.0001826124935178086  8.740698831388727e-05
  POINT  210  0.0001382031914545223  0.0001267531624762341  8.391246956307441e-05
  POINT  211  0.0001930552680278197  4.001666093245149e-05  0.0001131511962739751
  POINT  212  0.0001916563778650016  7.88244215073064e-05  6.447969644796103e-05
  POINT  213  0.0001811443362385035  3.995271254098043e-05  5.187662463868037e-05
  POINT  214  0.0001688438205746934  6.972719711484388e-05  2.565601425885689e-05
  POINT  215  0.0001193076677736826  3.194505552528426e-05  0.0001040064162225462
  POINT  216  9.232642332790419e-05  5.101587157696486e-05  5.602947931038216e-05
  POINT  217  0.000142229488119483  0.0002352325100218877  0.0001526508422102779
  POINT  218  0.0001542587851872668  0.0001960604713531211  0.0001713868114165962
  POINT  219  9.362833952764049e-05  0.0001115378618123941  0.00012183884246042
  POINT  220  0.0001249430933967233  9.810006304178387e-05  1.1882289982168e-05
  POINT  221  0.0001088959979824722  6.302470865193754e-05  3.043225115106907e-05
  POINT  222  0.0001343279582215473  6.369374023051932e-05  0.0001372478727716953
  POINT  223  0.000147555343573913  0.0001225411397172138  0.0001681540597928688
  POINT  224  0.0001660739944782108  6.469915388152003e-05  0.0001945243420777842
  POINT  225  0.0001354650739813223  7.735208055237308e-05  0.0002283800713485107
  POINT  226  0.0002186835772590712  9.08264410099946e-05  0.0002270591212436557
  POINT  227  0.0001910948631120846  0.0001325554185314104  0.0002308368129888549
  POINT  228  0.0001311081869062036  0.0001047558180289343  0.0002197527937823907
  POINT  229  0.0001022137876134366  0.0002169640938518569  8.866019197739661e-05
  POINT  230  0.0001900274364743382  0.0002313080767635256  0.0002230673999292776
  POINT  231  0.0001860414922703058  0.0002012527838815004  0.0002301749918842688
  POINT  232  0.0001129884331021458  0.0001068482815753669  0.0001272939553018659
  POINT  233  0.0001210728514706716  7.214312790893018e-05  9.733839397085831e-05
  POINT  234  0.0001599935058038682  0.0001262258301721886  0.0001247950567631051
  POINT  235  0.000156930778757669  0.0001097292042686604  0.0001414731086697429
  POINT  236  0.00014574418310076  2.19203757296782e-05  8.171983790816739e-05
  POINT  237  0.0001761530293151736  4.762507160194218e-05  0.000105468017864041
  POINT  238  0.0001954514737008139  2.890346877393313e-05  0.0001573418121552095
  POINT  239  0.0001236496027559042  1.267257630388485e-05  0.0002199580048909411
  POINT  240  0.0001403171190759167  2.358874007768463e-05  0.0002480534021742642
  POINT  241  0.0002477567759342492  7.442400237778202e-05  0.0002415146445855498
  POINT  242  0.0002390679728705436  7.532758900197223e-06  0.0001959017681656405
  POINT  243  0.0001906433753902093  9.624116501072422e-06  0.0002171866508433595
  POINT  244  0.0001298014976782724  9.439340647077188e-05  0.0001182021442218684
  POINT  245  0.0001343529729638249  0.0002055886288871989  2.907639282057062e-05
  POINT  246  0.0001269751664949581  0.0001711109798634425  0.0001188835813081823
  POINT  247  0.0001264129678020254  0.0002363862004131079  0.0001871602580649778
  POINT  248  0.0001398620661348104  0.0002160796575481072  0.0001524702238384634
  POINT  249  0.0001181787156383507  0.0001624413998797536  6.737891817465425e-05
  POINT  250  0.0001370137906633317  0.0001904988312162459  9.156340092886239e-05
  POINT  251  0.0001298006682191044  0.0001823214697651565  8.393148891627789e-05
  POINT  252  0.0002029592433245853  9.56105868681334e-05  6.81667952449061e-05
  POINT  253  0.0002487886813469231  4.429131513461471e-05  5.950591730652377e-05
  POINT  254  0.0001572815381223336  5.952049104962498e-05  2.204151132900734e-05
  POINT  255  0.0001845805381890386  0.0001028236074489541  7.367296348093078e-06
  POINT  256  0.000179553113412112  5.200972373131663e-05  1.900250936159864e-05
  POINT  257  0.0001154883138951845  4.16981492890045e-05  7.931225991342217e-05
  POINT  258  0.0001031000356306322  3.28500391333364e-05  4.844782233703882e-05
  POINT  259  8.220807649195194e-05  3.639295391621999e-05  3.624495366238989e-05
  POINT  260  0.0001187174930237234  0.0002466613659635186  0.000188475736649707
  POINT  261  0.0001355415879515931  0.0002481855626683682  0.0002206421049777418
  POINT  262  8.89922448550351e-05  5.640496965497732e-05  0.0001436134334653616
  POINT  263  0.000109583415905945  6.00572930125054e-05  3.135004590149038e-05
  POINT  264  0.0001124611371778883  5.013025656808168e-05  1.038741993397707e-05
  POINT  265  0.0001531064190203324  0.0001229849440278485  0.0001670884666964412
  POINT  266  0.0001674697123235092  0.0001453105069231242  0.0001890260755317286
  POINT  267  0.0001735288533382118  3.960385947721079e-05  0.0002057241217698902
  POINT  268  0.0002287483657710254  8.146582695189863e-05  0.0002169233339373022
  POINT  269  0.0002061014238279313  0.000137440234539099  0.0002429137530270964
  POINT  270  0.0001957295462489128  0.0001706835610093549  0.0002309752744622529
  POINT  271  0.0001255571551155299  0.0001182700143544935  0.0001734368270263076
  POINT  272  0.0001292450906476006  0.0002420522068860009  8.743595390114933e-05
  POINT  273  0.0002030178584391251  0.0002360172948101535  0.0002266447991132736
  POINT  274  0.0002375167532591149  0.000245556904701516  0.0002459626994095743
  POINT  275  0.0001748941431287676  0.0002438803639961407  0.0002428604057058692
  POINT  276  0.0001324185868725181  6.844570452813059e-05  8.475435606669635e-05
  POINT  277  0.0001794515555957332  0.0001323520118603483  9.125751967076212e-05
  POINT  278  0.0001698601117823273  0.000151036394527182  0.0001216724631376565
  POINT  279  0.0001771700335666537  0.0001059514470398426  0.0001556031784275547
  POINT  280  0.0001895621535368264  0.0001233503571711481  0.0001351934188278392
  POINT  281  0.0002255316503578797  1.355139647785109e-05  0.0001196512748720124
  POINT  282  0.0001830144319683313  4.199729664833285e-05  9.342630073660985e-05
  POINT  283  0.000169843973708339  8.665187124279328e-06  0.000190114660654217
  POINT  284  0.0001678364787949249  2.646009306772612e-05  0.0002450383617542684
  POINT  285  0.0002266109513584524  9.052580935531296e-06  0.0002233022823929787
  POINT  286  0.000187094061402604  3.335094515932724e-05  0.0002192665124312043
  POINT  287  0.00013793318066746  0.0001808663801057264  6.655399192823097e-05
  POINT  288  0.0001393687998643145  0.0001998399820877239  1.415993028786033e-05
  POINT  289  0.0001536903000669554  0.0001572028850205243  8.687783702043816e-05
  POINT  290  0.0001535165793029591  0.0002277900493936613  0.0001486627297708765
  POINT  291  0.0001803103950805962  0.0001983891270356253  0.0001536675990791991
  POINT  292  0.0001261281140614301  0.00020172908261884  4.987853026250377e-05
  POINT  293  0.000143114899401553  0.0001632679486647248  5.96548525209073e-05
  POINT  294  0.0001590379833942279  0.0002150139771401882  5.194537516217679e-05
  POINT  295  0.0001546930288895965  0.0002062715211650357  9.987622615881264e-05
  POINT  296  0.0002208842925028875  9.467338531976566e-05  7.097279012668878e-05
  POINT  297  0.0002068797766696662  0.0001123414622270502  7.769890362396836e-05
  POINT  298  0.000188859281479381  2.157463859475683e-05  8.078521204879507e-05
  POINT  299  0.0001973507314687595  0.0001114482147386298  6.16955776422401e-06
  POINT  300  0.0002357612538617104  2.523699549783487e-05  3.513778665364953e-06
  POINT  301  0.0001661821006564423  7.912565706647001e-06  7.877219104557298e-06
  POINT  302  0.0001284395402763039  1.771328788890969e-05  2.092746217385866e-05
  POINT  303  0.0001065907053998671  1.316966699960176e-05  5.083551150164567e-05
  POINT  304  0.0001130204836954363  4.522020026342943e-05  3.593902147258632e-05
  POINT  305  0.0001593955385033041  0.0001207793757203035  0.0001511746231699362
  POINT  306  0.0001697596453595906  0.0001243163569597527  0.0001638916728552431
  POINT  307  0.0001113388716476038  0.0001902955409605056  0.0002081109996652231
  POINT  308  0.0001737475395202637  3.906506026396528e-05  0.0002071923663606867
  POINT  309  0.0001836755109252408  8.329830598086119e-05  0.0002001926477532834
  POINT  310  0.0002232130500487983  0.0001746313355397433  0.000239126558881253
  POINT  311  0.0001521612139185891  0.0001795635907910764  0.0002192334650317207
  POINT  312  0.0001342724572168663  0.0001558132644277066  0.0001982977846637368
  POINT  313  0.0001517133059678599  0.0002410130255157128  0.0001047913028742187
  POINT  314  0.0002090885827783495  0.0002397609787294641  0.0002101846621371806
  POINT  315  0.0002272048441227525  0.0002107607433572412  0.0002393893955741078
  POINT  316  0.000177236637682654  0.0002176631096517667  0.0002215485874330625
  POINT  317  0.0001787198561942205  0.0001341891329502687  0.0001082901071640663
  POINT  318  0.000165227655088529  9.854733798420057e-05  0.0001304037577938288
  POINT  319  0.0001857170427683741  9.656917245592922e-05  0.0001649947225814685
  POINT  320  0.0001972542377188802  0.0001263725862372667  0.0001758220314513892
  POINT  321  0.000225533964112401  0.0001709002535790205  0.0001395644649164751
  POINT  322  0.0002067176537821069  0.0001173851633211598  0.0001280328287975863
  POINT  323  0.0002471223415341228  5.217217767494731e-05  0.0001568358275108039
  POINT  324  0.0002009960007853806  4.842214548261836e-05  7.358131551882252e-05
  POINT  325  0.0001748409849824384  3.637107874965295e-05  0.0002145335602108389
  POINT  326  0.0001659356348682195  0.0001690243516350165  4.644814907805994e-05
  POINT  327  0.0001628013997105882  0.0001832348789321259  2.342439984204248e-05
  POINT  328  0.0001589427120052278  0.0002408420987194404  0.0001517020136816427
  POINT  329  0.0001836278097471222  0.0002368171262787655  0.0001311616651946679
  POINT  330  0.0001969855511561036  0.0001324942713836208  0.0001574192719999701
  POINT  331  0.0001606993755558506  0.0002411787427263334  3.727988223545253e-05
  POINT  332  0.0001481021317886189  0.0001634332584217191  5.811003939015791e-05
  POINT  333  0.0001507419656263664  0.0001503037929069251  1.75270122326765e-06
  POINT  334  0.0001794007839635015  0.0002133643720299006  2.699284232221544e-05
  POINT  335  0.0001643588475417346  0.0002040849940385669  9.929095540428534e-05
  POINT  336  0.0002369209396420047  9.534560376778245e-05  6.312192999757826e-05
  POINT  337  0.0002425861021038145  9.051735833054408e-05  9.509248775430024e-05
  POINT  338  0.0002275857841596007  0.000126623737742193  7.623459532624111e-05
  POINT  339  0.0001842237688833848  0.0001330313098151237  3.449804353294894e-05
  POINT  340  0.0002330773131689057  3.219264908693731e-05  1.033300031849649e-05
  POINT  341  0.0001671474165050313  7.899096090113744e-06  3.283251862740144e-05
  POINT  342  0.0001380773464916274  8.27144776849309e-06  2.916586890933104e-05
  POINT  343  0.0001044615855789743  1.095091101888102e-05  6.47392516839318e-05
  POINT  344  0.0001394150895066559  2.046358167717699e-05  3.264580300310627e-05
  POINT  345  0.0001834383292589337  0.0001404342328896746  0.0001621856063138694
  POINT  346  0.0001948352437466383  0.000111268185719382  0.0001634327345527709
  POINT  347  0.0002204506454290822  0.0001804966886993498  0.0002229154924862087
  POINT  348  0.00014772720169276  0.0001693480007816106  0.0002116006944561377
  POINT  349  0.0002219466114183888  7.231094059534371e-05  0.0001673629449214786
  POINT  350  0.0002109340421156958  0.0001560979726491496  0.00019023050845135
  POINT  351  0.0002133505186066031  0.0001244809245690703  0.0002003637200687081
  POINT  352  0.0002335294848307967  0.0001684863091213629  0.0001556555362185463
  POINT  353  0.0002205233031418175  0.0001200071419589221  0.0001235883391927928
  POINT  354  0.0002305728703504428  9.42456244956702e-05  0.0001154400888481177
  POINT  355  0.0002219089801656082  8.538216934539378e-05  0.0001533406757516786
  POINT  356  0.0002408410073257983  9.035103721544147e-05  5.744970985688269e-05
  POINT  357  0.0001949357101693749  0.0001713809178909287  4.334134064265527e-05
  POINT  358  0.000175533612491563  0.0001549082953715697  3.553604983608238e-05
  POINT  359  0.0001525954285170883  0.0001667016185820103  5.876355862710625e-05
  POINT  360  0.000194742446183227  0.0002351191214984283  7.721023575868458e-05
  POINT  361  0.0001945511903613806  0.0002459849056322128  0.0001172944466816261
  POINT  362  0.0001794188428902999  0.0001456353784305975  4.64049844595138e-05
  POINT  363  0.0001820079778553918  0.000224102332140319  1.173817872768268e-05
  POINT  364  0.0001724136964185163  0.0002022629050770774  9.880322613753378e-05
  POINT  365  0.0001803800405468792  0.000220921341679059  0.000115634138637688
  POINT  366  0.0002115473907906562  0.0001400369656039402  6.045175905455835e-05
  POINT  367  0.000207218443392776  0.0001242124708369374  3.921453389921226e-05
  POINT  368  0.0002053928619716316  0.0001166221045423299  0.0001647201424930245
  POINT  369  0.0002286429808009416  8.395111944992095e-05  0.0001498291385360062
  POINT  370  0.0002253142592962831  0.0001914193562697619  0.0001873951987363398
  POINT  371  0.0002159145224140957  0.000123895748401992  0.0001822400226956233
  POINT  372  0.0002371016598772258  0.0001307641359744594  0.0001523498940514401
  POINT  373  0.0002060284314211458  0.0001771117385942489  2.323091939615551e-05
  POINT  374  0.0002205301425419748  0.0001797410222934559  5.637439608108252e-05
  POINT  375  0.000175061883055605  0.000183043404831551  6.203114025993273e-05
  POINT  376  0.0001890866114990786  0.0002077251847367734  3.97891562897712e-05
  POINT  377  0.0001892285363283008  0.0001926435070345178  0.0001004241494229063
  POINT  378  0.0002001393440878019  0.0002203266049036756  0.0001496832992415875
  POINT  379  0.0002276375307701528  0.0001478517951909453  5.871569373994134e-05
  POINT  380  0.0002307470422238111  0.0001617303787497804  7.954817192512564e-06
  POINT  381  0.0002397720818407834  0.0002162071032216772  0.0001828022941481322
  POINT  382  0.0002103081933455542  0.0001933986641233787  7.033349902485497e-07
  POINT  383  0.0002439271338516846  0.0001994155754800886  6.195151945576072e-05
  POINT  384  0.000212175480555743  0.0001967501157196239  9.411857899976894e-05
  POINT  385  0.0001896645990200341  0.0001921027287608013  5.054423309047706e-05
  POINT  386  0.0002453180786687881  0.0002490162150934339  2.916515222750604e-05
  POINT  387  0.0002126878971466795  0.0001931523875100538  9.636460163164884e-05
  POINT  388  0.0001927543344208971  0.0001627675810595974  0.0001134060294134542
  POINT  389  0.0002001012908294797  0.0002213032712461427  0.0001613430795259774
  POINT  390  0.0002357210323680192  0.0001563601545058191  8.901881665224209e-05
  POINT  391  0.0002346287365071476  0.000188035803148523  3.759366518352181e-05
  POINT  392  0.0002227401564596221  0.000193184707313776  5.002980469726026e-05
  POINT  393  0.0002488198224455118  0.0002116957621183246  0.0001097430504160002
  POINT  394  0.0002114688250003383  0.0001989205047721043  0.0001074573447112925
  POINT  395  0.0002497225359547883  0.000249529373832047  7.609016756759956e-05
  POINT  396  0.0002363412058912218  0.0002143851161235943  9.490260708844289e-05
  POINT  397  0.0002126447216141969  0.0001955111947609112  0.0001105815463233739
  POINT  398  0.0002069970942102373  0.0002122502628481016  0.0001412252167938277
  POINT  399  0.0002476496447343379  0.0002168255014112219  0.0001001987620838918

END POINTS LIST



BEGIN MESH STRUCTURE DESCRIPTION

  CONVEX COUNT 498
  CONVEX 0    'GT_PK(1,1)'      0  1
  CONVEX 1    'GT_PK(1,1)'      1  2
  CONVEX 2    'GT_PK(1,1)'      1  3
  CONVEX 3    'GT_PK(1,1)'      2  4
  CONVEX 4    'GT_PK(1,1)'      2  5
  CONVEX 5    'GT_PK(1,1)'      3  6
  CONVEX 6    'GT_PK(1,1)'      4  7
  CONVEX 7    'GT_PK(1,1)'      4  8
  CONVEX 8    'GT_PK(1,1)'      5  9
  CONVEX 9    'GT_PK(1,1)'      5  10
  CONVEX 10    'GT_PK(1,1)'      6  11
  CONVEX 11    'GT_PK(1,1)'      7  12
  CONVEX 12    'GT_PK(1,1)'      7  13
  CONVEX 13    'GT_PK(1,1)'      8  14
  CONVEX 14    'GT_PK(1,1)'      8  15
  CONVEX 15    'GT_PK(1,1)'      9  16
  CONVEX 16    'GT_PK(1,1)'      10  17
  CONVEX 17    'GT_PK(1,1)'      10  18
  CONVEX 18    'GT_PK(1,1)'      11  19
  CONVEX 19    'GT_PK(1,1)'      20  11
  CONVEX 20    'GT_PK(1,1)'      12  21
  CONVEX 21    'GT_PK(1,1)'      12  22
  CONVEX 22    'GT_PK(1,1)'      13  23
  CONVEX 23    'GT_PK(1,1)'      14  24
  CONVEX 24    'GT_PK(1,1)'      14  25
  CONVEX 25    'GT_PK(1,1)'      15  26
  CONVEX 26    'GT_PK(1,1)'      15  27
  CONVEX 27    'GT_PK(1,1)'      16  28
  CONVEX 28    'GT_PK(1,1)'      17  29
  CONVEX 29    'GT_PK(1,1)'      17  30
  CONVEX 30    'GT_PK(1,1)'      18  31
  CONVEX 31    'GT_PK(1,1)'      19  32
  CONVEX 32    'GT_PK(1,1)'      33  19
  CONVEX 33    'GT_PK(1,1)'      34  20
  CONVEX 34    'GT_PK(1,1)'      35  20
  CONVEX 35    'GT_PK(1,1)'      21  36
  CONVEX 36    'GT_PK(1,1)'      21  37
  CONVEX 37    'GT_PK(1,1)'      22  38
  CONVEX 38    'GT_PK(1,1)'      22  39
  CONVEX 39    'GT_PK(1,1)'      23  40
  CONVEX 40    'GT_PK(1,1)'      24  41
  CONVEX 41    'GT_PK(1,1)'      24  42
  CONVEX 42    'GT_PK(1,1)'      25  43
  CONVEX 43    'GT_PK(1,1)'      25  44
  CONVEX 44    'GT_PK(1,1)'      26  45
  CONVEX 45    'GT_PK(1,1)'      27  46
  CONVEX 46    'GT_PK(1,1)'      28  47
  CONVEX 47    'GT_PK(1,1)'      48  28
  CONVEX 48    'GT_PK(1,1)'      29  49
  CONVEX 49    'GT_PK(1,1)'      30  50
  CONVEX 50    'GT_PK(1,1)'      30  51
  CONVEX 51    'GT_PK(1,1)'      31  52
  CONVEX 52    'GT_PK(1,1)'      32  53
  CONVEX 53    'GT_PK(1,1)'      54  32
  CONVEX 54    'GT_PK(1,1)'      55  33
  CONVEX 55    'GT_PK(1,1)'      56  33
  CONVEX 56    'GT_PK(1,1)'      57  34
  CONVEX 57    'GT_PK(1,1)'      45  34
  CONVEX 58    'GT_PK(1,1)'      58  35
  CONVEX 59    'GT_PK(1,1)'      36  59
  CONVEX 60    'GT_PK(1,1)'      37  60
  CONVEX 61    'GT_PK(1,1)'      38  61
  CONVEX 62    'GT_PK(1,1)'      38  62
  CONVEX 63    'GT_PK(1,1)'      39  63
  CONVEX 64    'GT_PK(1,1)'      40  64
  CONVEX 65    'GT_PK(1,1)'      65  40
  CONVEX 66    'GT_PK(1,1)'      41  66
  CONVEX 67    'GT_PK(1,1)'      41  67
  CONVEX 68    'GT_PK(1,1)'      42  68
  CONVEX 69    'GT_PK(1,1)'      42  69
  CONVEX 70    'GT_PK(1,1)'      43  70
  CONVEX 71    'GT_PK(1,1)'      43  71
  CONVEX 72    'GT_PK(1,1)'      44  72
  CONVEX 73    'GT_PK(1,1)'      44  73
  CONVEX 74    'GT_PK(1,1)'      46  74
  CONVEX 75    'GT_PK(1,1)'      47  75
  CONVEX 76    'GT_PK(1,1)'      76  47
  CONVEX 77    'GT_PK(1,1)'      59  48
  CONVEX 78    'GT_PK(1,1)'      60  48
  CONVEX 79    'GT_PK(1,1)'      49  52
  CONVEX 80    'GT_PK(1,1)'      50  77
  CONVEX 81    'GT_PK(1,1)'      51  78
  CONVEX 82    'GT_PK(1,1)'      52  79
  CONVEX 83    'GT_PK(1,1)'      53  80
  CONVEX 84    'GT_PK(1,1)'      81  53
  CONVEX 85    'GT_PK(1,1)'      82  54
  CONVEX 86    'GT_PK(1,1)'      72  55
  CONVEX 87    'GT_PK(1,1)'      83  56
  CONVEX 88    'GT_PK(1,1)'      84  56
  CONVEX 89    'GT_PK(1,1)'      85  57
  CONVEX 90    'GT_PK(1,1)'      86  57
  CONVEX 91    'GT_PK(1,1)'      71  58
  CONVEX 92    'GT_PK(1,1)'      61  87
  CONVEX 93    'GT_PK(1,1)'      62  88
  CONVEX 94    'GT_PK(1,1)'      62  89
  CONVEX 95    'GT_PK(1,1)'      63  75
  CONVEX 96    'GT_PK(1,1)'      64  90
  CONVEX 97    'GT_PK(1,1)'      79  64
  CONVEX 98    'GT_PK(1,1)'      91  65
  CONVEX 99    'GT_PK(1,1)'      75  65
  CONVEX 100    'GT_PK(1,1)'      66  92
  CONVEX 101    'GT_PK(1,1)'      66  93
  CONVEX 102    'GT_PK(1,1)'      67  94
  CONVEX 103    'GT_PK(1,1)'      68  95
  CONVEX 104    'GT_PK(1,1)'      68  96
  CONVEX 105    'GT_PK(1,1)'      69  97
  CONVEX 106    'GT_PK(1,1)'      69  98
  CONVEX 107    'GT_PK(1,1)'      70  99
  CONVEX 108    'GT_PK(1,1)'      71  100
  CONVEX 109    'GT_PK(1,1)'      73  101
  CONVEX 110    'GT_PK(1,1)'      74  102
  CONVEX 111    'GT_PK(1,1)'      103  74
  CONVEX 112    'GT_PK(1,1)'      104  76
  CONVEX 113    'GT_PK(1,1)'      105  76
  CONVEX 114    'GT_PK(1,1)'      77  79
  CONVEX 115    'GT_PK(1,1)'      78  106
  CONVEX 116    'GT_PK(1,1)'      80  107
  CONVEX 117    'GT_PK(1,1)'      99  80
  CONVEX 118    'GT_PK(1,1)'      108  81
  CONVEX 119    'GT_PK(1,1)'      109  81
  CONVEX 120    'GT_PK(1,1)'      97  82
  CONVEX 121    'GT_PK(1,1)'      110  83
  CONVEX 122    'GT_PK(1,1)'      111  84
  CONVEX 123    'GT_PK(1,1)'      112  85
  CONVEX 124    'GT_PK(1,1)'      113  86
  CONVEX 125    'GT_PK(1,1)'      101  86
  CONVEX 126    'GT_PK(1,1)'      87  114
  CONVEX 127    'GT_PK(1,1)'      88  115
  CONVEX 128    'GT_PK(1,1)'      89  116
  CONVEX 129    'GT_PK(1,1)'      90  117
  CONVEX 130    'GT_PK(1,1)'      107  90
  CONVEX 131    'GT_PK(1,1)'      118  91
  CONVEX 132    'GT_PK(1,1)'      119  91
  CONVEX 133    'GT_PK(1,1)'      92  103
  CONVEX 134    'GT_PK(1,1)'      93  120
  CONVEX 135    'GT_PK(1,1)'      94  121
  CONVEX 136    'GT_PK(1,1)'      95  122
  CONVEX 137    'GT_PK(1,1)'      95  123
  CONVEX 138    'GT_PK(1,1)'      96  124
  CONVEX 139    'GT_PK(1,1)'      97  125
  CONVEX 140    'GT_PK(1,1)'      98  126
  CONVEX 141    'GT_PK(1,1)'      98  127
  CONVEX 142    'GT_PK(1,1)'      100  128
  CONVEX 143    'GT_PK(1,1)'      100  129
  CONVEX 144    'GT_PK(1,1)'      102  121
  CONVEX 145    'GT_PK(1,1)'      130  102
  CONVEX 146    'GT_PK(1,1)'      115  104
  CONVEX 147    'GT_PK(1,1)'      116  104
  CONVEX 148    'GT_PK(1,1)'      131  105
  CONVEX 149    'GT_PK(1,1)'      106  132
  CONVEX 150    'GT_PK(1,1)'      133  106
  CONVEX 151    'GT_PK(1,1)'      121  107
  CONVEX 152    'GT_PK(1,1)'      134  108
  CONVEX 153    'GT_PK(1,1)'      135  108
  CONVEX 154    'GT_PK(1,1)'      136  109
  CONVEX 155    'GT_PK(1,1)'      137  109
  CONVEX 156    'GT_PK(1,1)'      129  110
  CONVEX 157    'GT_PK(1,1)'      138  111
  CONVEX 158    'GT_PK(1,1)'      139  112
  CONVEX 159    'GT_PK(1,1)'      140  113
  CONVEX 160    'GT_PK(1,1)'      114  141
  CONVEX 161    'GT_PK(1,1)'      142  114
  CONVEX 162    'GT_PK(1,1)'      143  118
  CONVEX 163    'GT_PK(1,1)'      144  119
  CONVEX 164    'GT_PK(1,1)'      120  145
  CONVEX 165    'GT_PK(1,1)'      122  146
  CONVEX 166    'GT_PK(1,1)'      123  147
  CONVEX 167    'GT_PK(1,1)'      123  148
  CONVEX 168    'GT_PK(1,1)'      124  149
  CONVEX 169    'GT_PK(1,1)'      125  150
  CONVEX 170    'GT_PK(1,1)'      125  151
  CONVEX 171    'GT_PK(1,1)'      126  152
  CONVEX 172    'GT_PK(1,1)'      127  153
  CONVEX 173    'GT_PK(1,1)'      128  154
  CONVEX 174    'GT_PK(1,1)'      128  155
  CONVEX 175    'GT_PK(1,1)'      129  156
  CONVEX 176    'GT_PK(1,1)'      157  130
  CONVEX 177    'GT_PK(1,1)'      149  130
  CONVEX 178    'GT_PK(1,1)'      158  131
  CONVEX 179    'GT_PK(1,1)'      132  157
  CONVEX 180    'GT_PK(1,1)'      159  132
  CONVEX 181    'GT_PK(1,1)'      160  133
  CONVEX 182    'GT_PK(1,1)'      161  134
  CONVEX 183    'GT_PK(1,1)'      162  135
  CONVEX 184    'GT_PK(1,1)'      163  136
  CONVEX 185    'GT_PK(1,1)'      164  137
  CONVEX 186    'GT_PK(1,1)'      165  138
  CONVEX 187    'GT_PK(1,1)'      138  166
  CONVEX 188    'GT_PK(1,1)'      148  139
  CONVEX 189    'GT_PK(1,1)'      139  167
  CONVEX 190    'GT_PK(1,1)'      168  140
  CONVEX 191    'GT_PK(1,1)'      141  169
  CONVEX 192    'GT_PK(1,1)'      170  141
  CONVEX 193    'GT_PK(1,1)'      171  142
  CONVEX 194    'GT_PK(1,1)'      172  142
  CONVEX 195    'GT_PK(1,1)'      158  143
  CONVEX 196    'GT_PK(1,1)'      173  144
  CONVEX 197    'GT_PK(1,1)'      145  174
  CONVEX 198    'GT_PK(1,1)'      175  145
  CONVEX 199    'GT_PK(1,1)'      146  176
  CONVEX 200    'GT_PK(1,1)'      147  177
  CONVEX 201    'GT_PK(1,1)'      148  178
  CONVEX 202    'GT_PK(1,1)'      179  149
  CONVEX 203    'GT_PK(1,1)'      150  180
  CONVEX 204    'GT_PK(1,1)'      150  181
  CONVEX 205    'GT_PK(1,1)'      151  182
  CONVEX 206    'GT_PK(1,1)'      151  160
  CONVEX 207    'GT_PK(1,1)'      152  159
  CONVEX 208    'GT_PK(1,1)'      153  179
  CONVEX 209    'GT_PK(1,1)'      154  162
  CONVEX 210    'GT_PK(1,1)'      154  183
  CONVEX 211    'GT_PK(1,1)'      155  184
  CONVEX 212    'GT_PK(1,1)'      155  164
  CONVEX 213    'GT_PK(1,1)'      156  185
  CONVEX 214    'GT_PK(1,1)'      156  168
  CONVEX 215    'GT_PK(1,1)'      186  157
  CONVEX 216    'GT_PK(1,1)'      183  158
  CONVEX 217    'GT_PK(1,1)'      187  159
  CONVEX 218    'GT_PK(1,1)'      183  161
  CONVEX 219    'GT_PK(1,1)'      188  163
  CONVEX 220    'GT_PK(1,1)'      189  165
  CONVEX 221    'GT_PK(1,1)'      165  190
  CONVEX 222    'GT_PK(1,1)'      166  191
  CONVEX 223    'GT_PK(1,1)'      166  192
  CONVEX 224    'GT_PK(1,1)'      167  193
  CONVEX 225    'GT_PK(1,1)'      168  194
  CONVEX 226    'GT_PK(1,1)'      169  195
  CONVEX 227    'GT_PK(1,1)'      196  169
  CONVEX 228    'GT_PK(1,1)'      197  170
  CONVEX 229    'GT_PK(1,1)'      198  170
  CONVEX 230    'GT_PK(1,1)'      199  171
  CONVEX 231    'GT_PK(1,1)'      200  171
  CONVEX 232    'GT_PK(1,1)'      201  172
  CONVEX 233    'GT_PK(1,1)'      202  172
  CONVEX 234    'GT_PK(1,1)'      203  173
  CONVEX 235    'GT_PK(1,1)'      173  188
  CONVEX 236    'GT_PK(1,1)'      174  179
  CONVEX 237    'GT_PK(1,1)'      204  174
  CONVEX 238    'GT_PK(1,1)'      205  175
  CONVEX 239    'GT_PK(1,1)'      176  206
  CONVEX 240    'GT_PK(1,1)'      207  176
  CONVEX 241    'GT_PK(1,1)'      177  208
  CONVEX 242    'GT_PK(1,1)'      178  209
  CONVEX 243    'GT_PK(1,1)'      178  210
  CONVEX 244    'GT_PK(1,1)'      180  211
  CONVEX 245    'GT_PK(1,1)'      180  212
  CONVEX 246    'GT_PK(1,1)'      181  213
  CONVEX 247    'GT_PK(1,1)'      181  214
  CONVEX 248    'GT_PK(1,1)'      182  215
  CONVEX 249    'GT_PK(1,1)'      182  216
  CONVEX 250    'GT_PK(1,1)'      184  203
  CONVEX 251    'GT_PK(1,1)'      184  189
  CONVEX 252    'GT_PK(1,1)'      185  217
  CONVEX 253    'GT_PK(1,1)'      185  218
  CONVEX 254    'GT_PK(1,1)'      219  186
  CONVEX 255    'GT_PK(1,1)'      206  186
  CONVEX 256    'GT_PK(1,1)'      220  187
  CONVEX 257    'GT_PK(1,1)'      221  187
  CONVEX 258    'GT_PK(1,1)'      188  222
  CONVEX 259    'GT_PK(1,1)'      189  223
  CONVEX 260    'GT_PK(1,1)'      190  224
  CONVEX 261    'GT_PK(1,1)'      190  225
  CONVEX 262    'GT_PK(1,1)'      191  226
  CONVEX 263    'GT_PK(1,1)'      191  227
  CONVEX 264    'GT_PK(1,1)'      192  228
  CONVEX 265    'GT_PK(1,1)'      193  229
  CONVEX 266    'GT_PK(1,1)'      194  230
  CONVEX 267    'GT_PK(1,1)'      194  231
  CONVEX 268    'GT_PK(1,1)'      195  232
  CONVEX 269    'GT_PK(1,1)'      233  195
  CONVEX 270    'GT_PK(1,1)'      234  196
  CONVEX 271    'GT_PK(1,1)'      235  196
  CONVEX 272    'GT_PK(1,1)'      236  197
  CONVEX 273    'GT_PK(1,1)'      237  197
  CONVEX 274    'GT_PK(1,1)'      238  198
  CONVEX 275    'GT_PK(1,1)'      239  199
  CONVEX 276    'GT_PK(1,1)'      240  199
  CONVEX 277    'GT_PK(1,1)'      225  200
  CONVEX 278    'GT_PK(1,1)'      241  201
  CONVEX 279    'GT_PK(1,1)'      242  202
  CONVEX 280    'GT_PK(1,1)'      243  202
  CONVEX 281    'GT_PK(1,1)'      203  244
  CONVEX 282    'GT_PK(1,1)'      208  204
  CONVEX 283    'GT_PK(1,1)'      229  204
  CONVEX 284    'GT_PK(1,1)'      245  205
  CONVEX 285    'GT_PK(1,1)'      246  206
  CONVEX 286    'GT_PK(1,1)'      247  207
  CONVEX 287    'GT_PK(1,1)'      248  207
  CONVEX 288    'GT_PK(1,1)'      249  208
  CONVEX 289    'GT_PK(1,1)'      209  250
  CONVEX 290    'GT_PK(1,1)'      209  251
  CONVEX 291    'GT_PK(1,1)'      210  220
  CONVEX 292    'GT_PK(1,1)'      211  236
  CONVEX 293    'GT_PK(1,1)'      212  252
  CONVEX 294    'GT_PK(1,1)'      212  253
  CONVEX 295    'GT_PK(1,1)'      213  254
  CONVEX 296    'GT_PK(1,1)'      214  255
  CONVEX 297    'GT_PK(1,1)'      214  256
  CONVEX 298    'GT_PK(1,1)'      215  257
  CONVEX 299    'GT_PK(1,1)'      216  258
  CONVEX 300    'GT_PK(1,1)'      216  259
  CONVEX 301    'GT_PK(1,1)'      217  260
  CONVEX 302    'GT_PK(1,1)'      218  261
  CONVEX 303    'GT_PK(1,1)'      262  219
  CONVEX 304    'GT_PK(1,1)'      232  219
  CONVEX 305    'GT_PK(1,1)'      263  221
  CONVEX 306    'GT_PK(1,1)'      264  221
  CONVEX 307    'GT_PK(1,1)'      222  262
  CONVEX 308    'GT_PK(1,1)'      223  265
  CONVEX 309    'GT_PK(1,1)'      223  266
  CONVEX 310    'GT_PK(1,1)'      224  238
  CONVEX 311    'GT_PK(1,1)'      224  267
  CONVEX 312    'GT_PK(1,1)'      226  268
  CONVEX 313    'GT_PK(1,1)'      226  241
  CONVEX 314    'GT_PK(1,1)'      227  269
  CONVEX 315    'GT_PK(1,1)'      227  270
  CONVEX 316    'GT_PK(1,1)'      228  271
  CONVEX 317    'GT_PK(1,1)'      272  229
  CONVEX 318    'GT_PK(1,1)'      230  273
  CONVEX 319    'GT_PK(1,1)'      230  274
  CONVEX 320    'GT_PK(1,1)'      231  275
  CONVEX 321    'GT_PK(1,1)'      271  232
  CONVEX 322    'GT_PK(1,1)'      276  233
  CONVEX 323    'GT_PK(1,1)'      257  233
  CONVEX 324    'GT_PK(1,1)'      277  234
  CONVEX 325    'GT_PK(1,1)'      278  234
  CONVEX 326    'GT_PK(1,1)'      279  235
  CONVEX 327    'GT_PK(1,1)'      280  235
  CONVEX 328    'GT_PK(1,1)'      281  237
  CONVEX 329    'GT_PK(1,1)'      282  237
  CONVEX 330    'GT_PK(1,1)'      283  239
  CONVEX 331    'GT_PK(1,1)'      284  240
  CONVEX 332    'GT_PK(1,1)'      285  242
  CONVEX 333    'GT_PK(1,1)'      286  243
  CONVEX 334    'GT_PK(1,1)'      244  276
  CONVEX 335    'GT_PK(1,1)'      287  245
  CONVEX 336    'GT_PK(1,1)'      245  288
  CONVEX 337    'GT_PK(1,1)'      289  246
  CONVEX 338    'GT_PK(1,1)'      260  247
  CONVEX 339    'GT_PK(1,1)'      261  247
  CONVEX 340    'GT_PK(1,1)'      290  248
  CONVEX 341    'GT_PK(1,1)'      291  248
  CONVEX 342    'GT_PK(1,1)'      292  249
  CONVEX 343    'GT_PK(1,1)'      293  249
  CONVEX 344    'GT_PK(1,1)'      250  294
  CONVEX 345    'GT_PK(1,1)'      250  295
  CONVEX 346    'GT_PK(1,1)'      251  287
  CONVEX 347    'GT_PK(1,1)'      251  289
  CONVEX 348    'GT_PK(1,1)'      252  296
  CONVEX 349    'GT_PK(1,1)'      252  297
  CONVEX 350    'GT_PK(1,1)'      253  298
  CONVEX 351    'GT_PK(1,1)'      254  263
  CONVEX 352    'GT_PK(1,1)'      255  299
  CONVEX 353    'GT_PK(1,1)'      256  300
  CONVEX 354    'GT_PK(1,1)'      256  301
  CONVEX 355    'GT_PK(1,1)'      258  302
  CONVEX 356    'GT_PK(1,1)'      258  303
  CONVEX 357    'GT_PK(1,1)'      259  264
  CONVEX 358    'GT_PK(1,1)'      304  263
  CONVEX 359    'GT_PK(1,1)'      265  305
  CONVEX 360    'GT_PK(1,1)'      265  306
  CONVEX 361    'GT_PK(1,1)'      266  307
  CONVEX 362    'GT_PK(1,1)'      267  283
  CONVEX 363    'GT_PK(1,1)'      267  308
  CONVEX 364    'GT_PK(1,1)'      268  309
  CONVEX 365    'GT_PK(1,1)'      269  310
  CONVEX 366    'GT_PK(1,1)'      270  311
  CONVEX 367    'GT_PK(1,1)'      312  271
  CONVEX 368    'GT_PK(1,1)'      313  272
  CONVEX 369    'GT_PK(1,1)'      273  314
  CONVEX 370    'GT_PK(1,1)'      274  315
  CONVEX 371    'GT_PK(1,1)'      275  316
  CONVEX 372    'GT_PK(1,1)'      317  277
  CONVEX 373    'GT_PK(1,1)'      318  278
  CONVEX 374    'GT_PK(1,1)'      319  279
  CONVEX 375    'GT_PK(1,1)'      320  279
  CONVEX 376    'GT_PK(1,1)'      321  280
  CONVEX 377    'GT_PK(1,1)'      322  280
  CONVEX 378    'GT_PK(1,1)'      323  281
  CONVEX 379    'GT_PK(1,1)'      298  282
  CONVEX 380    'GT_PK(1,1)'      324  282
  CONVEX 381    'GT_PK(1,1)'      325  284
  CONVEX 382    'GT_PK(1,1)'      308  285
  CONVEX 383    'GT_PK(1,1)'      325  286
  CONVEX 384    'GT_PK(1,1)'      287  326
  CONVEX 385    'GT_PK(1,1)'      288  327
  CONVEX 386    'GT_PK(1,1)'      328  290
  CONVEX 387    'GT_PK(1,1)'      329  290
  CONVEX 388    'GT_PK(1,1)'      330  291
  CONVEX 389    'GT_PK(1,1)'      331  292
  CONVEX 390    'GT_PK(1,1)'      332  293
  CONVEX 391    'GT_PK(1,1)'      333  293
  CONVEX 392    'GT_PK(1,1)'      294  334
  CONVEX 393    'GT_PK(1,1)'      294  331
  CONVEX 394    'GT_PK(1,1)'      295  335
  CONVEX 395    'GT_PK(1,1)'      295  313
  CONVEX 396    'GT_PK(1,1)'      296  336
  CONVEX 397    'GT_PK(1,1)'      296  337
  CONVEX 398    'GT_PK(1,1)'      297  338
  CONVEX 399    'GT_PK(1,1)'      299  339
  CONVEX 400    'GT_PK(1,1)'      300  340
  CONVEX 401    'GT_PK(1,1)'      301  341
  CONVEX 402    'GT_PK(1,1)'      302  342
  CONVEX 403    'GT_PK(1,1)'      303  343
  CONVEX 404    'GT_PK(1,1)'      344  304
  CONVEX 405    'GT_PK(1,1)'      343  304
  CONVEX 406    'GT_PK(1,1)'      305  318
  CONVEX 407    'GT_PK(1,1)'      305  317
  CONVEX 408    'GT_PK(1,1)'      306  345
  CONVEX 409    'GT_PK(1,1)'      306  346
  CONVEX 410    'GT_PK(1,1)'      307  312
  CONVEX 411    'GT_PK(1,1)'      308  325
  CONVEX 412    'GT_PK(1,1)'      309  319
  CONVEX 413    'GT_PK(1,1)'      310  347
  CONVEX 414    'GT_PK(1,1)'      311  348
  CONVEX 415    'GT_PK(1,1)'      348  312
  CONVEX 416    'GT_PK(1,1)'      314  316
  CONVEX 417    'GT_PK(1,1)'      315  347
  CONVEX 418    'GT_PK(1,1)'      316  348
  CONVEX 419    'GT_PK(1,1)'      349  319
  CONVEX 420    'GT_PK(1,1)'      350  320
  CONVEX 421    'GT_PK(1,1)'      351  320
  CONVEX 422    'GT_PK(1,1)'      352  321
  CONVEX 423    'GT_PK(1,1)'      353  322
  CONVEX 424    'GT_PK(1,1)'      354  322
  CONVEX 425    'GT_PK(1,1)'      355  323
  CONVEX 426    'GT_PK(1,1)'      356  324
  CONVEX 427    'GT_PK(1,1)'      340  324
  CONVEX 428    'GT_PK(1,1)'      326  357
  CONVEX 429    'GT_PK(1,1)'      326  358
  CONVEX 430    'GT_PK(1,1)'      327  359
  CONVEX 431    'GT_PK(1,1)'      360  328
  CONVEX 432    'GT_PK(1,1)'      361  329
  CONVEX 433    'GT_PK(1,1)'      345  330
  CONVEX 434    'GT_PK(1,1)'      359  332
  CONVEX 435    'GT_PK(1,1)'      362  332
  CONVEX 436    'GT_PK(1,1)'      358  333
  CONVEX 437    'GT_PK(1,1)'      334  363
  CONVEX 438    'GT_PK(1,1)'      335  364
  CONVEX 439    'GT_PK(1,1)'      335  365
  CONVEX 440    'GT_PK(1,1)'      336  356
  CONVEX 441    'GT_PK(1,1)'      337  354
  CONVEX 442    'GT_PK(1,1)'      338  366
  CONVEX 443    'GT_PK(1,1)'      339  362
  CONVEX 444    'GT_PK(1,1)'      367  339
  CONVEX 445    'GT_PK(1,1)'      341  344
  CONVEX 446    'GT_PK(1,1)'      342  344
  CONVEX 447    'GT_PK(1,1)'      345  352
  CONVEX 448    'GT_PK(1,1)'      346  355
  CONVEX 449    'GT_PK(1,1)'      346  368
  CONVEX 450    'GT_PK(1,1)'      347  350
  CONVEX 451    'GT_PK(1,1)'      369  349
  CONVEX 452    'GT_PK(1,1)'      370  350
  CONVEX 453    'GT_PK(1,1)'      371  351
  CONVEX 454    'GT_PK(1,1)'      372  353
  CONVEX 455    'GT_PK(1,1)'      355  369
  CONVEX 456    'GT_PK(1,1)'      357  373
  CONVEX 457    'GT_PK(1,1)'      357  374
  CONVEX 458    'GT_PK(1,1)'      375  359
  CONVEX 459    'GT_PK(1,1)'      364  360
  CONVEX 460    'GT_PK(1,1)'      365  361
  CONVEX 461    'GT_PK(1,1)'      366  362
  CONVEX 462    'GT_PK(1,1)'      363  376
  CONVEX 463    'GT_PK(1,1)'      364  377
  CONVEX 464    'GT_PK(1,1)'      365  378
  CONVEX 465    'GT_PK(1,1)'      379  366
  CONVEX 466    'GT_PK(1,1)'      380  367
  CONVEX 467    'GT_PK(1,1)'      368  371
  CONVEX 468    'GT_PK(1,1)'      368  372
  CONVEX 469    'GT_PK(1,1)'      381  370
  CONVEX 470    'GT_PK(1,1)'      373  380
  CONVEX 471    'GT_PK(1,1)'      373  382
  CONVEX 472    'GT_PK(1,1)'      374  383
  CONVEX 473    'GT_PK(1,1)'      384  375
  CONVEX 474    'GT_PK(1,1)'      385  375
  CONVEX 475    'GT_PK(1,1)'      376  385
  CONVEX 476    'GT_PK(1,1)'      386  376
  CONVEX 477    'GT_PK(1,1)'      377  387
  CONVEX 478    'GT_PK(1,1)'      377  388
  CONVEX 479    'GT_PK(1,1)'      378  389
  CONVEX 480    'GT_PK(1,1)'      378  381
  CONVEX 481    'GT_PK(1,1)'      390  379
  CONVEX 482    'GT_PK(1,1)'      382  391
  CONVEX 483    'GT_PK(1,1)'      383  392
  CONVEX 484    'GT_PK(1,1)'      393  384
  CONVEX 485    'GT_PK(1,1)'      394  384
  CONVEX 486    'GT_PK(1,1)'      392  385
  CONVEX 487    'GT_PK(1,1)'      395  386
  CONVEX 488    'GT_PK(1,1)'      387  396
  CONVEX 489    'GT_PK(1,1)'      387  390
  CONVEX 490    'GT_PK(1,1)'      388  397
  CONVEX 491    'GT_PK(1,1)'      389  398
  CONVEX 492    'GT_PK(1,1)'      391  392
  CONVEX 493    'GT_PK(1,1)'      399  393
  CONVEX 494    'GT_PK(1,1)'      398  394
  CONVEX 495    'GT_PK(1,1)'      397  394
  CONVEX 496    'GT_PK(1,1)'      396  395
  CONVEX 497    'GT_PK(1,1)'      396  399

END MESH STRUCTURE DESCRIPTION
BEGIN REGION 1
0 
END REGION 1
BEGIN REGION 2
1 
END REGION 2
BEGIN REGION 3
2 
END REGION 3
BEGIN REGION 4
3 
END REGION 4
BEGIN REGION 5
4 
END REGION 5
BEGIN REGION 6
5 
END REGION 6
BEGIN REGION 7
6 
END REGION 7
BEGIN REGION 8
7 
END REGION 8
BEGIN REGION 9
8 
END REGION 9
BEGIN REGION 10
9 
END REGION 10
BEGIN REGION 11
10 
END REGION 11
BEGIN REGION 12
11 
END REGION 12
BEGIN REGION 13
12 
END REGION 13
BEGIN REGION 14
13 
END REGION 14
BEGIN REGION 15
14 
END REGION 15
BEGIN REGION 16
15 
END REGION 16
BEGIN REGION 17
16 
END REGION 17
BEGIN REGION 18
17 
END REGION 18
BEGIN REGION 19
18 
END REGION 19
BEGIN REGION 20
19 
END REGION 20
BEGIN REGION 21
20 
END REGION 21
BEGIN REGION 22
21 
END REGION 22
BEGIN REGION 23
22 
END REGION 23
BEGIN REGION 24
23 
END REGION 24
BEGIN REGION 25
24 
END REGION 25
BEGIN REGION 26
25 
END REGION 26
BEGIN REGION 27
26 
END REGION 27
BEGIN REGION 28
27 
END REGION 28
BEGIN REGION 29
28 
END REGION 29
BEGIN REGION 30
29 
END REGION 30
BEGIN REGION 31
30 
END REGION 31
BEGIN REGION 32
31 
END REGION 32
BEGIN REGION 33
32 
END REGION 33
BEGIN REGION 34
33 
END REGION 34
BEGIN REGION 35
34 
END REGION 35
BEGIN REGION 36
35 
END REGION 36
BEGIN REGION 37
36 
END REGION 37
BEGIN REGION 38
37 
END REGION 38
BEGIN REGION 39
38 
END REGION 39
BEGIN REGION 40
39 
END REGION 40
BEGIN REGION 41
40 
END REGION 41
BEGIN REGION 42
41 
END REGION 42
BEGIN REGION 43
42 
END REGION 43
BEGIN REGION 44
43 
END REGION 44
BEGIN REGION 45
44 
END REGION 45
BEGIN REGION 46
45 
END REGION 46
BEGIN REGION 47
46 
END REGION 47
BEGIN REGION 48
47 
END REGION 48
BEGIN REGION 49
48 
END REGION 49
BEGIN REGION 50
49 
END REGION 50
BEGIN REGION 51
50 
END REGION 51
BEGIN REGION 52
51 
END REGION 52
BEGIN REGION 53
52 
END REGION 53
BEGIN REGION 54
53 
END REGION 54
BEGIN REGION 55
54 
END REGION 55
BEGIN REGION 56
55 
END REGION 56
BEGIN REGION 57
56 
END REGION 57
BEGIN REGION 58
57 
END REGION 58
BEGIN REGION 59
58 
END REGION 59
BEGIN REGION 60
59 
END REGION 60
BEGIN REGION 61
60 
END REGION 61
BEGIN REGION 62
61 
END REGION 62
BEGIN REGION 63
62 
END REGION 63
BEGIN REGION 64
63 
END REGION 64
BEGIN REGION 65
64 
END REGION 65
BEGIN REGION 66
65 
END REGION 66
BEGIN REGION 67
66 
END REGION 67
BEGIN REGION 68
67 
END REGION 68
BEGIN REGION 69
68 
END REGION 69
BEGIN REGION 70
69 
END REGION 70
BEGIN REGION 71
70 
END REGION 71
BEGIN REGION 72
71 
END REGION 72
BEGIN REGION 73
72 
END REGION 73
BEGIN REGION 74
73 
END REGION 74
BEGIN REGION 75
74 
END REGION 75
BEGIN REGION 76
75 
END REGION 76
BEGIN REGION 77
76 
END REGION 77
BEGIN REGION 78
77 
END REGION 78
BEGIN REGION 79
78 
END REGION 79
BEGIN REGION 80
79 
END REGION 80
BEGIN REGION 81
80 
END REGION 81
BEGIN REGION 82
81 
END REGION 82
BEGIN REGION 83
82 
END REGION 83
BEGIN REGION 84
83 
END REGION 84
BEGIN REGION 85
84 
END REGION 85
BEGIN REGION 86
85 
END REGION 86
BEGIN REGION 87
86 
END REGION 87
BEGIN REGION 88
87 
END REGION 88
BEGIN REGION 89
88 
END REGION 89
BEGIN REGION 90
89 
END REGION 90
BEGIN REGION 91
90 
END REGION 91
BEGIN REGION 92
91 
END REGION 92
BEGIN REGION 93
92 
END REGION 93
BEGIN REGION 94
93 
END REGION 94
BEGIN REGION 95
94 
END REGION 95
BEGIN REGION 96
95 
END REGION 96
BEGIN REGION 97
96 
END REGION 97
BEGIN REGION 98
97 
END REGION 98
BEGIN REGION 99
98 
END REGION 99
BEGIN REGION 100
99 
END REGION 100
BEGIN REGION 101
100 
END REGION 101
BEGIN REGION 102
101 
END REGION 102
BEGIN REGION 103
102 
END REGION 103
BEGIN REGION 104
103 
END REGION 104
BEGIN REGION 105
104 
END REGION 105
BEGIN REGION 106
105 
END REGION 106
BEGIN REGION 107
106 
END REGION 107
BEGIN REGION 108
107 
END REGION 108
BEGIN REGION 109
108 
END REGION 109
BEGIN REGION 110
109 
END REGION 110
BEGIN REGION 111
110 
END REGION 111
BEGIN REGION 112
111 
END REGION 112
BEGIN REGION 113
112 
END REGION 113
BEGIN REGION 114
113 
END REGION 114
BEGIN REGION 115
114 
END REGION 115
BEGIN REGION 116
115 
END REGION 116
BEGIN REGION 117
116 
END REGION 117
BEGIN REGION 118
117 
END REGION 118
BEGIN REGION 119
118 
END REGION 119
BEGIN REGION 120
119 
END REGION 120
BEGIN REGION 121
120 
END REGION 121
BEGIN REGION 122
121 
END REGION 122
BEGIN REGION 123
122 
END REGION 123
BEGIN REGION 124
123 
END REGION 124
BEGIN REGION 125
124 
END REGION 125
BEGIN REGION 126
125 
END REGION 126
BEGIN REGION 127
126 
END REGION 127
BEGIN REGION 128
127 
END REGION 128
BEGIN REGION 129
128 
END REGION 129
BEGIN REGION 130
129 
END REGION 130
BEGIN REGION 131
130 
END REGION 131
BEGIN REGION 132
131 
END REGION 132
BEGIN REGION 133
132 
END REGION 133
BEGIN REGION 134
133 
END REGION 134
BEGIN REGION 135
134 
END REGION 135
BEGIN REGION 136
135 
END REGION 136
BEGIN REGION 137
136 
END REGION 137
BEGIN REGION 138
137 
END REGION 138
BEGIN REGION 139
138 
END REGION 139
BEGIN REGION 140
139 
END REGION 140
BEGIN REGION 141
140 
END REGION 141
BEGIN REGION 142
141 
END REGION 142
BEGIN REGION 143
142 
END REGION 143
BEGIN REGION 144
143 
END REGION 144
BEGIN REGION 145
144 
END REGION 145
BEGIN REGION 146
145 
END REGION 146
BEGIN REGION 147
146 
END REGION 147
BEGIN REGION 148
147 
END REGION 148
BEGIN REGION 149
148 
END REGION 149
BEGIN REGION 150
149 
END REGION 150
BEGIN REGION 151
150 
END REGION 151
BEGIN REGION 152
151 
END REGION 152
BEGIN REGION 153
152 
END REGION 153
BEGIN REGION 154
153 
END REGION 154
BEGIN REGION 155
154 
END REGION 155
BEGIN REGION 156
155 
END REGION 156
BEGIN REGION 157
156 
END REGION 157
BEGIN REGION 158
157 
END REGION 158
BEGIN REGION 159
158 
END REGION 159
BEGIN REGION 160
159 
END REGION 160
BEGIN REGION 161
160 
END REGION 161
BEGIN REGION 162
161 
END REGION 162
BEGIN REGION 163
162 
END REGION 163
BEGIN REGION 164
163 
END REGION 164
BEGIN REGION 165
164 
END REGION 165
BEGIN REGION 166
165 
END REGION 166
BEGIN REGION 167
166 
END REGION 167
BEGIN REGION 168
167 
END REGION 168
BEGIN REGION 169
168 
END REGION 169
BEGIN REGION 170
169 
END REGION 170
BEGIN REGION 171
170 
END REGION 171
BEGIN REGION 172
171 
END REGION 172
BEGIN REGION 173
172 
END REGION 173
BEGIN REGION 174
173 
END REGION 174
BEGIN REGION 175
174 
END REGION 175
BEGIN REGION 176
175 
END REGION 176
BEGIN REGION 177
176 
END REGION 177
BEGIN REGION 178
177 
END REGION 178
BEGIN REGION 179
178 
END REGION 179
BEGIN REGION 180
179 
END REGION 180
BEGIN REGION 181
180 
END REGION 181
BEGIN REGION 182
181 
END REGION 182
BEGIN REGION 183
182 
END REGION 183
BEGIN REGION 184
183 
END REGION 184
BEGIN REGION 185
184 
END REGION 185
BEGIN REGION 186
185 
END REGION 186
BEGIN REGION 187
186 
END REGION 187
BEGIN REGION 188
187 
END REGION 188
BEGIN REGION 189
188 
END REGION 189
BEGIN REGION 190
189 
END REGION 190
BEGIN REGION 191
190 
END REGION 191
BEGIN REGION 192
191 
END REGION 192
BEGIN REGION 193
192 
END REGION 193
BEGIN REGION 194
193 
END REGION 194
BEGIN REGION 195
194 
END REGION 195
BEGIN REGION 196
195 
END REGION 196
BEGIN REGION 197
196 
END REGION 197
BEGIN REGION 198
197 
END REGION 198
BEGIN REGION 199
198 
END REGION 199
BEGIN REGION 200
199 
END REGION 200
BEGIN REGION 201
200 
END REGION 201
BEGIN REGION 202
201 
END REGION 202
BEGIN REGION 203
202 
END REGION 203
BEGIN REGION 204
203 
END REGION 204
BEGIN REGION 205
204 
END REGION 205
BEGIN REGION 206
205 
END REGION 206
BEGIN REGION 207
206 
END REGION 207
BEGIN REGION 208
207 
END REGION 208
BEGIN REGION 209
208 
END REGION 209
BEGIN REGION 210
209 
END REGION 210
BEGIN REGION 211
210 
END REGION 211
BEGIN REGION 212
211 
END REGION 212
BEGIN REGION 213
212 
END REGION 213
BEGIN REGION 214
213 
END REGION 214
BEGIN REGION 215
214 
END REGION 215
BEGIN REGION 216
215 
END REGION 216
BEGIN REGION 217
216 
END REGION 217
BEGIN REGION 218
217 
END REGION 218
BEGIN REGION 219
218 
END REGION 219
BEGIN REGION 220
219 
END REGION 220
BEGIN REGION 221
220 
END REGION 221
BEGIN REGION 222
221 
END REGION 222
BEGIN REGION 223
222 
END REGION 223
BEGIN REGION 224
223 
END REGION 224
BEGIN REGION 225
224 
END REGION 225
BEGIN REGION 226
225 
END REGION 226
BEGIN REGION 227
226 
END REGION 227
BEGIN REGION 228
227 
END REGION 228
BEGIN REGION 229
228 
END REGION 229
BEGIN REGION 230
229 
END REGION 230
BEGIN REGION 231
230 
END REGION 231
BEGIN REGION 232
231 
END REGION 232
BEGIN REGION 233
232 
END REGION 233
BEGIN REGION 234
233 
END REGION 234
BEGIN REGION 235
234 
END REGION 235
BEGIN REGION 236
235 
END REGION 236
BEGIN REGION 237
236 
END REGION 237
BEGIN REGION 238
237 
END REGION 238
BEGIN REGION 239
238 
END REGION 239
BEGIN REGION 240
239 
END REGION 240
BEGIN REGION 241
240 
END REGION 241
BEGIN REGION 242
241 
END REGION 242
BEGIN REGION 243
242 
END REGION 243
BEGIN REGION 244
243 
END REGION 244
BEGIN REGION 245
244 
END REGION 245
BEGIN REGION 246
245 
END REGION 246
BEGIN REGION 247
246 
END REGION 247
BEGIN REGION 248
247 
END REGION 248
BEGIN REGION 249
248 
END REGION 249
BEGIN REGION 250
249 
END REGION 250
BEGIN REGION 251
250 
END REGION 251
BEGIN REGION 252
251 
END REGION 252
BEGIN REGION 253
252 
END REGION 253
BEGIN REGION 254
253 
END REGION 254
BEGIN REGION 255
254 
END REGION 255
BEGIN REGION 256
255 
END REGION 256
BEGIN REGION 257
256 
END REGION 257
BEGIN REGION 258
257 
END REGION 258
BEGIN REGION 259
258 
END REGION 259
BEGIN REGION 260
259 
END REGION 260
BEGIN REGION 261
260 
END REGION 261
BEGIN REGION 262
261 
END REGION 262
BEGIN REGION 263
262 
END REGION 263
BEGIN REGION 264
263 
END REGION 264
BEGIN REGION 265
264 
END REGION 265
BEGIN REGION 266
265 
END REGION 266
BEGIN REGION 267
266 
END REGION 267
BEGIN REGION 268
267 
END REGION 268
BEGIN REGION 269
268 
END REGION 269
BEGIN REGION 270
269 
END REGION 270
BEGIN REGION 271
270 
END REGION 271
BEGIN REGION 272
271 
END REGION 272
BEGIN REGION 273
272 
END REGION 273
BEGIN REGION 274
273 
END REGION 274
BEGIN REGION 275
274 
END REGION 275
BEGIN REGION 276
275 
END REGION 276
BEGIN REGION 277
276 
END REGION 277
BEGIN REGION 278
277 
END REGION 278
BEGIN REGION 279
278 
END REGION 279
BEGIN REGION 280
279 
END REGION 280
BEGIN REGION 281
280 
END REGION 281
BEGIN REGION 282
281 
END REGION 282
BEGIN REGION 283
282 
END REGION 283
BEGIN REGION 284
283 
END REGION 284
BEGIN REGION 285
284 
END REGION 285
BEGIN REGION 286
285 
END REGION 286
BEGIN REGION 287
286 
END REGION 287
BEGIN REGION 288
287 
END REGION 288
BEGIN REGION 289
288 
END REGION 289
BEGIN REGION 290
289 
END REGION 290
BEGIN REGION 291
290 
END REGION 291
BEGIN REGION 292
291 
END REGION 292
BEGIN REGION 293
292 
END REGION 293
BEGIN REGION 294
293 
END REGION 294
BEGIN REGION 295
294 
END REGION 295
BEGIN REGION 296
295 
END REGION 296
BEGIN REGION 297
296 
END REGION 297
BEGIN REGION 298
297 
END REGION 298
BEGIN REGION 299
298 
END REGION 299
BEGIN REGION 300
299 
END REGION 300
BEGIN REGION 301
300 
END REGION 301
BEGIN REGION 302
301 
END REGION 302
BEGIN REGION 303
302 
END REGION 303
BEGIN REGION 304
303 
END REGION 304
BEGIN REGION 305
304 
END REGION 305
BEGIN REGION 306
305 
END REGION 306
BEGIN REGION 307
306 
END REGION 307
BEGIN REGION 308
307 
END REGION 308
BEGIN REGION 309
308 
END REGION 309
BEGIN REGION 310
309 
END REGION 310
BEGIN REGION 311
310 
END REGION 311
BEGIN REGION 312
311 
END REGION 312
BEGIN REGION 313
312 
END REGION 313
BEGIN REGION 314
313 
END REGION 314
BEGIN REGION 315
314 
END REGION 315
BEGIN REGION 316
315 
END REGION 316
BEGIN REGION 317
316 
END REGION 317
BEGIN REGION 318
317 
END REGION 318
BEGIN REGION 319
318 
END REGION 319
BEGIN REGION 320
319 
END REGION 320
BEGIN REGION 321
320 
END REGION 321
BEGIN REGION 322
321 
END REGION 322
BEGIN REGION 323
322 
END REGION 323
BEGIN REGION 324
323 
END REGION 324
BEGIN REGION 325
324 
END REGION 325
BEGIN REGION 326
325 
END REGION 326
BEGIN REGION 327
326 
END REGION 327
BEGIN REGION 328
327 
END REGION 328
BEGIN REGION 329
328 
END REGION 329
BEGIN REGION 330
329 
END REGION 330
BEGIN REGION 331
330 
END REGION 331
BEGIN REGION 332
331 
END REGION 332
BEGIN REGION 333
332 
END REGION 333
BEGIN REGION 334
333 
END REGION 334
BEGIN REGION 335
334 
END REGION 335
BEGIN REGION 336
335 
END REGION 336
BEGIN REGION 337
336 
END REGION 337
BEGIN REGION 338
337 
END REGION 338
BEGIN REGION 339
338 
END REGION 339
BEGIN REGION 340
339 
END REGION 340
BEGIN REGION 341
340 
END REGION 341
BEGIN REGION 342
341 
END REGION 342
BEGIN REGION 343
342 
END REGION 343
BEGIN REGION 344
343 
END REGION 344
BEGIN REGION 345
344 
END REGION 345
BEGIN REGION 346
345 
END REGION 346
BEGIN REGION 347
346 
END REGION 347
BEGIN REGION 348
347 
END REGION 348
BEGIN REGION 349
348 
END REGION 349
BEGIN REGION 350
349 
END REGION 350
BEGIN REGION 351
350 
END REGION 351
BEGIN REGION 352
351 
END REGION 352
BEGIN REGION 353
352 
END REGION 353
BEGIN REGION 354
353 
END REGION 354
BEGIN REGION 355
354 
END REGION 355
BEGIN REGION 356
355 
END REGION 356
BEGIN REGION 357
356 
END REGION 357
BEGIN REGION 358
357 
END REGION 358
BEGIN REGION 359
358 
END REGION 359
BEGIN REGION 360
359 
END REGION 360
BEGIN REGION 361
360 
END REGION 361
BEGIN REGION 362
361 
END REGION 362
BEGIN REGION 363
362 
END REGION 363
BEGIN REGION 364
363 
END REGION 364
BEGIN REGION 365
364 
END REGION 365
BEGIN REGION 366
365 
END REGION 366
BEGIN REGION 367
366 
END REGION 367
BEGIN REGION 368
367 
END REGION 368
BEGIN REGION 369
368 
END REGION 369
BEGIN REGION 370
369 
END REGION 370
BEGIN REGION 371
370 
END REGION 371
BEGIN REGION 372
371 
END REGION 372
BEGIN REGION 373
372 
END REGION 373
BEGIN REGION 374
373 
END REGION 374
BEGIN REGION 375
374 
END REGION 375
BEGIN REGION 376
375 
END REGION 376
BEGIN REGION 377
376 
END REGION 377
BEGIN REGION 378
377 
END REGION 378
BEGIN REGION 379
378 
END REGION 379
BEGIN REGION 380
379 
END REGION 380
BEGIN REGION 381
380 
END REGION 381
BEGIN REGION 382
381 
END REGION 382
BEGIN REGION 383
382 
END REGION 383
BEGIN REGION 384
383 
END REGION 384
BEGIN REGION 385
384 
END REGION 385
BEGIN REGION 386
385 
END REGION 386
BEGIN REGION 387
386 
END REGION 387
BEGIN REGION 388
387 
END REGION 388
BEGIN REGION 389
388 
END REGION 389
BEGIN REGION 390
389 
END REGION 390
BEGIN REGION 391
390 
END REGION 391
BEGIN REGION 392
391 
END REGION 392
BEGIN REGION 393
392 
END REGION 393
BEGIN REGION 394
393 
END REGION 394
BEGIN REGION 395
394 
END REGION 395
BEGIN REGION 396
395 
END REGION 396
BEGIN REGION 397
396 
END REGION 397
BEGIN REGION 398
397 
END REGION 398
BEGIN REGION 399
398 
END REGION 399
BEGIN REGION 400
399 
END REGION 400
BEGIN REGION 401
400 
END REGION 401
BEGIN REGION 402
401 
END REGION 402
BEGIN REGION 403
402 
END REGION 403
BEGIN REGION 404
403 
END REGION 404
BEGIN REGION 405
404 
END REGION 405
BEGIN REGION 406
405 
END REGION 406
BEGIN REGION 407
406 
END REGION 407
BEGIN REGION 408
407 
END REGION 408
BEGIN REGION 409
408 
END REGION 409
BEGIN REGION 410
409 
END REGION 410
BEGIN REGION 411
410 
END REGION 411
BEGIN REGION 412
411 
END REGION 412
BEGIN REGION 413
412 
END REGION 413
BEGIN REGION 414
413 
END REGION 414
BEGIN REGION 415
414 
END REGION 415
BEGIN REGION 416
415 
END REGION 416
BEGIN REGION 417
416 
END REGION 417
BEGIN REGION 418
417 
END REGION 418
BEGIN REGION 419
418 
END REGION 419
BEGIN REGION 420
419 
END REGION 420
BEGIN REGION 421
420 
END REGION 421
BEGIN REGION 422
421 
END REGION 422
BEGIN REGION 423
422 
END REGION 423
BEGIN REGION 424
423 
END REGION 424
BEGIN REGION 425
424 
END REGION 425
BEGIN REGION 426
425 
END REGION 426
BEGIN REGION 427
426 
END REGION 427
BEGIN REGION 428
427 
END REGION 428
BEGIN REGION 429
428 
END REGION 429
BEGIN REGION 430
429 
END REGION 430
BEGIN REGION 431
430 
END REGION 431
BEGIN REGION 432
431 
END REGION 432
BEGIN REGION 433
432 
END REGION 433
BEGIN REGION 434
433 
END REGION 434
BEGIN REGION 435
434 
END REGION 435
BEGIN REGION 436
435 
END REGION 436
BEGIN REGION 437
436 
END REGION 437
BEGIN REGION 438
437 
END REGION 438
BEGIN REGION 439
438 
END REGION 439
BEGIN REGION 440
439 
END REGION 440
BEGIN REGION 441
440 
END REGION 441
BEGIN REGION 442
441 
END REGION 442
BEGIN REGION 443
442 
END REGION 443
BEGIN REGION 444
443 
END REGION 444
BEGIN REGION 445
444 
END REGION 445
BEGIN REGION 446
445 
END REGION 446
BEGIN REGION 447
446 
END REGION 447
BEGIN REGION 448
447 
END REGION 448
BEGIN REGION 449
448 
END REGION 449
BEGIN REGION 450
449 
END REGION 450
BEGIN REGION 451
450 
END REGION 451
BEGIN REGION 452
451 
END REGION 452
BEGIN REGION 453
452 
END REGION 453
BEGIN REGION 454
453 
END REGION 454
BEGIN REGION 455
454 
END REGION 455
BEGIN REGION 456
455 
END REGION 456
BEGIN REGION 457
456 
END REGION 457
BEGIN REGION 458
457 
END REGION 458
BEGIN REGION 459
458 
END REGION 459
BEGIN REGION 460
459 
END REGION 460
BEGIN REGION 461
460 
END REGION 461
BEGIN REGION 462
461 
END REGION 462
BEGIN REGION 463
462 
END REGION 463
BEGIN REGION 464
463 
END REGION 464
BEGIN REGION 465
464 
END REGION 465
BEGIN REGION 466
465 
END REGION 466
BEGIN REGION 467
466 
END REGION 467
BEGIN REGION 468
467 
END REGION 468
BEGIN REGION 469
468 
END REGION 469
BEGIN REGION 470
469 
END REGION 470
BEGIN REGION 471
470 
END REGION 471
BEGIN REGION 472
471 
END REGION 472
BEGIN REGION 473
472 
END REGION 473
BEGIN REGION 474
473 
END REGION 474
BEGIN REGION 475
474 
END REGION 475
BEGIN REGION 476
475 
END REGION 476
BEGIN REGION 477
476 
END REGION 477
BEGIN REGION 478
477 
END REGION 478
BEGIN REGION 479
478 
END REGION 479
BEGIN REGION 480
479 
END REGION 480
BEGIN REGION 481
480 
END REGION 481
BEGIN REGION 482
481 
END REGION 482
BEGIN REGION 483
482 
END REGION 483
BEGIN REGION 484
483 
END REGION 484
BEGIN REGION 485
484 
END REGION 485
BEGIN REGION 486
485 
END REGION 486
BEGIN REGION 487
486 
END REGION 487
BEGIN REGION 488
487 
END REGION 488
BEGIN REGION 489
488 
END REGION 489
BEGIN REGION 490
489 
END REGION 490
BEGIN REGION 491
490 
END REGION 491
BEGIN REGION 492
491 
END REGION 492
BEGIN REGION 493
492 
END REGION 493
BEGIN REGION 494
493 
END REGION 494
BEGIN REGION 495
494 
END REGION 495
BEGIN REGION 496
495 
END REGION 496
BEGIN REGION 497
496 
END REGION 497
BEGIN REGION 498
497 
END REGION 498
